default
true
0
Polygon -7500403 true true 150 5 40 250 150 205 260 250

sheep
false
15
Circle -1 true true 203 65 88
Circle -1 true true 70 65 162
Circle -1 true true 150 105 120
Polygon -7500403 true false 218 120 240 165 255 165 278 120
Circle -7500403 true false 214 72 67
Rectangle -1 true true 164 223 179 298
Polygon -1 true true 45 285 30 285 30 240 15 195 45 210
Circle -1 true true 3 83 150
Rectangle -1 true true 65 221 80 296
Polygon -1 true true 195 285 210 285 210 240 240 210 195 210
Polygon -7500403 true false 276 85 285 105 302 99 294 83
Polygon -7500403 true false 219 85 210 105 193 99 201 83

wolf
false
0
Polygon -16777216 true false 253 133 245 131 245 133
Polygon -7500403 true true 2 194 13 197 30 191 38 193 38 205 20 226 20 257 27 265 38 266 40 260 31 253 31 230 60 206 68 198 75 209 66 228 65 243 82 261 84 268 100 267 103 261 77 239 79 231 100 207 98 196 119 201 143 202 160 195 166 210 172 213 173 238 167 251 160 248 154 265 169 264 178 247 186 240 198 260 200 271 217 271 219 262 207 258 195 230 192 198 210 184 227 164 242 144 259 145 284 151 277 141 293 140 299 134 297 127 273 119 270 105
Polygon -7500403 true true -1 195 14 180 36 166 40 153 53 140 82 131 134 133 159 126 188 115 227 108 236 102 238 98 268 86 269 92 281 87 269 103 269 113
